m1 <- 2.14
m2<-7.44
m3<-29.17
#y <- (2*m1^2 - 2*m2^2 - 2*m1*m2 + 2*m1*m3)/(m1^3 + 2*m2^2 - m1*m2-m1^2*m2-m1*m3)
y<- 2*(m2^2 - m1^2 + m1*m2-m1*m3)/(m1^2*m2 - 2*m2^2 + 2*m1*m2 + m1*m3-m1^3)
l<- ((m2-m1-m1^2)*y - m1+m2)/(m1)
a<-m1*y/l
b<-y-a

l;a;b;y